x <-c(4,3,6,6,72,4,34)